58053
65378
62568
89576
73434
53638
24882
13571
70420
76337
68142
68089
08634
20740
44324
47786
22230
20991
97897
89319
15903
74755
83046
86062
31859
41431
00448
57936
79112
52201
88811
29741
44463
13894
40875
47893
46766
39514
43320
91847
73906
35366
44022
61075
41646
43064
05567
53895
91302
18210
27963
14848
58214
69467
76806
38366
87826
56662
50514
19709
94533
24043
80357
90376
31983
99925
24617
00318
93411
57877
20218
16830
47761
34447
74839
56244
10152
28251
74393
24494
57802
50938
46549
31433
73583
47845
46658
51510
12695
25426
67413
97338
63264
53404
43161
65088
05146
09586
99943
73158
55131
67347
09627
92226
42912
89029
75228
59975
73850
77205
64743
26251
26111
21189
84300
19562
26509
62346
63723
95044
29319
29487
01947
89213
07796
16046
19802
90402
92379
09216
07329
12437
37254
61322
56915
02936
02934
07260
07903
28997
92055
79094
07068
03967
94540
33139
13627
65684
26936
12416
16457
52378
56348
82309
61393
16771
26771
21677
80053
76356
06703
64932
07919
99680
13208
75183
16180
81905
88262
58445
11897
73946
08683
72450
64665
46297
46638
05917
36732
44463
50528
89566
67367
95963
98883
77537
58909
67678
95072
22819
60451
11393
89565
58262
17266
77815
38846
32812
67321
20606
35257
05705
54476
98866
20497
64090
21471
49453
06960
87968
03791
63259
45806
97383
51268
68104
93527
07498
55999
11885
23325
10263
03510
38012
43570
10655
32799
11550
75396
07945
81996
09125
15673
81788
82653
03476
26964
34512
57048
56289
99005
21557
85564
95660
23295
12547
88952
61149
01292
84035
70558
59266
86301
71750
41688
38424
70250
04175
93210
06742
57114
32974
34669
11031
60197
62501
73264
93755
79637
32786
03267
70887
85079
07606
31422
18326
00244
99683
88464
82422
92771
26976
49376
61283
69542
70772
41626
37650
21757
53741
40777
27529
42348
74265
66320
34380
76825
72760
30826
28940
47541
75667
53422
08530
45208
53684
85118
94586
88217
46820
92186
10950
94495
18069
48850
94502
09383
65410
71236
30457
09679
47943
05943
17109
59266
20829
03549
71644
21843
06692
56645
39165
54582
18238
84434
47538
80408
59447
84651
68128
21878
10685
83727
28490
18250
52874
25051
76893
30158
42247
74768
18767
68422
75327
16023
39198
16792
54175
41772
21437
34054
78049
19218
34590
76507
89480
37929
48299
28868
20047
53796
90300
17320
39835
99337
48066
13750
22751
16151
75690
68646
45820
83849
52360
93719
26708
45854
24047
02813
47334
53246
88961
39256
99999
94195
58910
88559
70693
33672
79419
25827
65965
83701
19523
98219
87145
57699
55334
64154
36631
81383
04591
10547
25896
74697
24572
81930
19086
63114
04015
37377
38406
40319
65648
30880
21584
25380
18335
10536
11976
84750
14821
29216
70192
14902
68739
87509
97053
13783
84136
07638
47083
61429
35200
72455
60078
19283
76655
27809
46664
85653
04205
27131
10309
90395
76048
97143
73204
96236
02373
66667
21091
15617
62502
00961
35035
67893
67905
11035
50598
53230
40398
55048
52304
24466
52369
22187
55020
88755
98761
76359
03550
68839
52756
38862
23187
02061
74033
84937
09359
36453
79020
90304
03255
18060
70712
77984
76893
69735
96480
99744
22350
07213
41423
12504
84501
81409
66452
24335
56646
70640
45795
23080
98172
91170
17398
90950
97429
10674
11574
13427
57884
80712
70016
60644
93364
96051
67462
06548
88885
98172
54359
75170
70752
11395
44486
90800
39674
16413
50204
51713
10832
21014
15369
68507
58456
06220
38907
70773
35355
20711
88359
35247
23291
95455
98645
43182
08181
96361
78676
62220
47674
19285
54277
13835
23288
85150
24317
13121
38021
26255
90643
02373
21164
19717
62992
21571
12249
02774
93724
83140
36045
95321
97688
92717
31133
91209
17425
97344
49457
92450
68552
49789
91167
21587
77743
75948
79649
79879
24756
12685
58454
10149
77227
29665
08408
83745
45388
58720
30605
89202
20953
66283
31299
53529
29841
08541
78704
87439
71744
00767
35818
74960
71137
45760
42370
02202
34372
59955
31769
44739
34611
88971
22244
37882
31242
01910
21178
25623
27254
41637
94912
96496
57855
26186
00494
72985
68972
82534
39029
19797
52759
97385
95574
90399
09355
95949
87496
19578
74505
57462
54299
07663
67223
59185
56827
57766
22952
61151
67584
02905
00883
13927
84266
08880
25886
31312
25369
09604
65299
51126
85243
80795
82339
65221
40797
01001
45035
82337
94211
66194
68515
12742
73299
52347
45008
49497
64768
13474
18846
22328
35514
22031
13701
75292
69632
56515
38657
13102
46676
92419
19241
84819
45741
88336
47572
31288
25635
63533
53041
10049
48578
40105
62120
37179
41642
78476
41071
08902
12613
35705
40865
90645
13137
37368
44970
47229
85118
37357
48413
49813
78336
05264
25023
27212
68733
66366
42187
82493
56261
41618
30526
64607
96808
10966
88385
05313
20855
43586
35794
75164
40512
60820
80889
92533
72903
17489
39383
32365
65602
56707
66987
04336
47341
66175
06227
67767
38552
39985
68826
74907
81355
76579
57265
11342
98437
92178
40284
99248
85589
22172
48062
84661
27292
65612
43423
66101
74766
75537
57211
30853
59603
34600
67168
36117
51516
62279
46056
15023
22192
42876
12800
50382
83974
27088
42218
59804
79465
71982
72413
98453
22249
05959
99365
04795
18583
45964
62613
26537
13116
72946
34156
09208
67421
85334
36039
98943
57597
78889
06633
59829
70515
52945
88962
62412
69466
84903
77877
92417
49171
45233
15069
79912
94946
53119
74412
14799
48417
77081
09150
22447
55790
84070
18636
87228
37717
34259
12992
73612
72426
58239
61553
61109
63028
36638
09659
90238
38753
37538
20534
84979
27961
62382
63867
37438
41112
72293
16320
71579
41436
40572
89802
76227
03625
72902
73926
75198
00911
77118
28876
16501
42897
33155
78048
28573
45354
48842
12566
62905
43345
56461
00614
84796
90288
03285
19729
50136
57210
25846
38611
56389
86175
07748
92842
67447
56651
63544
63571
10184
56018
13674
27324
39167
67371
59072
23285
83566
67018
81689
27946
58198
19435
77289
46873
50234
55823
99490
10245
62180
